34,4
34,1
34,3
31,4
31,1
31,3
27,4
27,1
27,3
0,273
0,270
24,1
24,3
3,2
3,1
3,3
10,292
10,218
10,148
10,298
10,228
10,222
10,216
10,1
10,190
10,2
10,3
11,11
11,14
11,28
11,22
11,9
11,19
11,1
11,5
11,2
11,3
9,7
9,6
9,1
9,4
9,2
9,3
8,15
8,6
8,13
8,18
8,12
8,14
8,1
8,4
8,2
8,3
12,2
12,1
12,3
20,2
20,1
20,3
19,2
19,1
19,3
18,1
18,3
85,4
85,3
85,2
85,1
14,3
85,0
84,4
84,3
13,1
84,2
84,1
13,3
84,0
83,6
83,5
83,4
83,3
83,2
83,1
83,0
79,5
79,4
79,3
79,2
79,1
79,0
14,5
14,1
2,2
2,1
14,4
2,3
0,0
86,34
86,33
86,32
86,31
86,30
86,29
86,28
86,27
86,26
86,25
